Sunrise and Sunset Data for 2015

Year	Month	Day	Sunrise	Sunset
2015	1	1	727	1713
2015	1	2	728	1714
2015	1	3	728	1715
2015	1	4	728	1716
2015	1	5	728	1716
2015	1	6	728	1717
2015	1	7	728	1718
2015	1	8	728	1719
2015	1	9	728	1720
2015	1	10	728	1721
2015	1	11	728	1722
2015	1	12	727	1723
2015	1	13	727	1724
2015	1	14	727	1725
2015	1	15	727	1726
2015	1	16	726	1727
2015	1	17	726	1728
2015	1	18	726	1729
2015	1	19	725	1730
2015	1	20	725	1731
2015	1	21	724	1732
2015	1	22	724	1733
2015	1	23	723	1734
2015	1	24	723	1735
2015	1	25	722	1736
2015	1	26	722	1737
2015	1	27	721	1738
2015	1	28	720	1739
2015	1	29	720	1740
2015	1	30	719	1741
2015	1	31	718	1742
2015	2	1	718	1743
2015	2	2	717	1744
2015	2	3	716	1745
2015	2	4	715	1746
2015	2	5	714	1748
2015	2	6	713	1749
2015	2	7	712	1750
2015	2	8	711	1751
2015	2	9	710	1752
2015	2	10	709	1753
2015	2	11	708	1754
2015	2	12	707	1755
2015	2	13	706	1756
2015	2	14	705	1757
2015	2	15	704	1758
2015	2	16	703	1759
2015	2	17	702	1800
2015	2	18	701	1801
2015	2	19	700	1802
2015	2	20	658	1803
2015	2	21	657	1804
2015	2	22	656	1805
2015	2	23	655	1806
2015	2	24	654	1807
2015	2	25	652	1808
2015	2	26	651	1809
2015	2	27	650	1810
2015	2	28	648	1810
2015	3	1	647	1811
2015	3	2	646	1812
2015	3	3	645	1813
2015	3	4	643	1814
2015	3	5	642	1815
2015	3	6	640	1816
2015	3	7	639	1817
2015	3	8	638	1818
2015	3	9	636	1819
2015	3	10	635	1820
2015	3	11	633	1820
2015	3	12	632	1821
2015	3	13	631	1822
2015	3	14	629	1823
2015	3	15	628	1824
2015	3	16	626	1825
2015	3	17	625	1826
2015	3	18	623	1827
2015	3	19	622	1827
2015	3	20	621	1828
2015	3	21	619	1829
2015	3	22	618	1830
2015	3	23	616	1831
2015	3	24	615	1832
2015	3	25	613	1833
2015	3	26	612	1833
2015	3	27	610	1834
2015	3	28	609	1835
2015	3	29	608	1836
2015	3	30	606	1837
2015	3	31	605	1838
2015	4	1	603	1838
2015	4	2	602	1839
2015	4	3	600	1840
2015	4	4	559	1841
2015	4	5	558	1842
2015	4	6	556	1843
2015	4	7	555	1843
2015	4	8	553	1844
2015	4	9	552	1845
2015	4	10	551	1846
2015	4	11	549	1847
2015	4	12	548	1848
2015	4	13	547	1849
2015	4	14	545	1849
2015	4	15	544	1850
2015	4	16	543	1851
2015	4	17	541	1852
2015	4	18	540	1853
2015	4	19	539	1854
2015	4	20	537	1854
2015	4	21	536	1855
2015	4	22	535	1856
2015	4	23	534	1857
2015	4	24	532	1858
2015	4	25	531	1859
2015	4	26	530	1900
2015	4	27	529	1900
2015	4	28	528	1901
2015	4	29	527	1902
2015	4	30	525	1903
2015	5	1	524	1904
2015	5	2	523	1905
2015	5	3	522	1906
2015	5	4	521	1906
2015	5	5	520	1907
2015	5	6	519	1908
2015	5	7	518	1909
2015	5	8	517	1910
2015	5	9	516	1911
2015	5	10	515	1911
2015	5	11	514	1912
2015	5	12	513	1913
2015	5	13	513	1914
2015	5	14	512	1915
2015	5	15	511	1916
2015	5	16	510	1916
2015	5	17	509	1917
2015	5	18	509	1918
2015	5	19	508	1919
2015	5	20	507	1920
2015	5	21	507	1920
2015	5	22	506	1921
2015	5	23	505	1922
2015	5	24	505	1923
2015	5	25	504	1923
2015	5	26	504	1924
2015	5	27	503	1925
2015	5	28	503	1925
2015	5	29	502	1926
2015	5	30	502	1927
2015	5	31	502	1927
2015	6	1	501	1928
2015	6	2	501	1929
2015	6	3	501	1929
2015	6	4	500	1930
2015	6	5	500	1930
2015	6	6	500	1931
2015	6	7	500	1932
2015	6	8	500	1932
2015	6	9	459	1933
2015	6	10	459	1933
2015	6	11	459	1934
2015	6	12	459	1934
2015	6	13	459	1934
2015	6	14	459	1935
2015	6	15	459	1935
2015	6	16	459	1936
2015	6	17	459	1936
2015	6	18	500	1936
2015	6	19	500	1936
2015	6	20	500	1937
2015	6	21	500	1937
2015	6	22	500	1937
2015	6	23	501	1937
2015	6	24	501	1937
2015	6	25	501	1937
2015	6	26	501	1938
2015	6	27	502	1938
2015	6	28	502	1938
2015	6	29	503	1938
2015	6	30	503	1938
2015	7	1	503	1938
2015	7	2	504	1937
2015	7	3	504	1937
2015	7	4	505	1937
2015	7	5	505	1937
2015	7	6	506	1937
2015	7	7	506	1937
2015	7	8	507	1936
2015	7	9	507	1936
2015	7	10	508	1936
2015	7	11	509	1935
2015	7	12	509	1935
2015	7	13	510	1935
2015	7	14	511	1934
2015	7	15	511	1934
2015	7	16	512	1933
2015	7	17	513	1933
2015	7	18	513	1932
2015	7	19	514	1932
2015	7	20	515	1931
2015	7	21	515	1930
2015	7	22	516	1930
2015	7	23	517	1929
2015	7	24	518	1928
2015	7	25	518	1928
2015	7	26	519	1927
2015	7	27	520	1926
2015	7	28	521	1925
2015	7	29	521	1924
2015	7	30	522	1924
2015	7	31	523	1923
2015	8	1	524	1922
2015	8	2	525	1921
2015	8	3	525	1920
2015	8	4	526	1919
2015	8	5	527	1918
2015	8	6	528	1917
2015	8	7	528	1916
2015	8	8	529	1915
2015	8	9	530	1914
2015	8	10	531	1913
2015	8	11	532	1912
2015	8	12	532	1910
2015	8	13	533	1909
2015	8	14	534	1908
2015	8	15	535	1907
2015	8	16	536	1906
2015	8	17	536	1904
2015	8	18	537	1903
2015	8	19	538	1902
2015	8	20	539	1901
2015	8	21	540	1859
2015	8	22	540	1858
2015	8	23	541	1857
2015	8	24	542	1856
2015	8	25	543	1854
2015	8	26	544	1853
2015	8	27	544	1852
2015	8	28	545	1850
2015	8	29	546	1849
2015	8	30	547	1847
2015	8	31	547	1846
2015	9	1	548	1845
2015	9	2	549	1843
2015	9	3	550	1842
2015	9	4	551	1840
2015	9	5	551	1839
2015	9	6	552	1837
2015	9	7	553	1836
2015	9	8	554	1835
2015	9	9	554	1833
2015	9	10	555	1832
2015	9	11	556	1830
2015	9	12	557	1829
2015	9	13	557	1827
2015	9	14	558	1826
2015	9	15	559	1824
2015	9	16	600	1823
2015	9	17	601	1821
2015	9	18	601	1820
2015	9	19	602	1818
2015	9	20	603	1817
2015	9	21	604	1815
2015	9	22	604	1814
2015	9	23	605	1812
2015	9	24	606	1811
2015	9	25	607	1809
2015	9	26	608	1808
2015	9	27	608	1806
2015	9	28	609	1805
2015	9	29	610	1803
2015	9	30	611	1802
2015	10	1	612	1801
2015	10	2	612	1759
2015	10	3	613	1758
2015	10	4	614	1756
2015	10	5	615	1755
2015	10	6	616	1753
2015	10	7	616	1752
2015	10	8	617	1751
2015	10	9	618	1749
2015	10	10	619	1748
2015	10	11	620	1746
2015	10	12	621	1745
2015	10	13	622	1744
2015	10	14	622	1742
2015	10	15	623	1741
2015	10	16	624	1740
2015	10	17	625	1738
2015	10	18	626	1737
2015	10	19	627	1736
2015	10	20	628	1735
2015	10	21	629	1733
2015	10	22	630	1732
2015	10	23	631	1731
2015	10	24	632	1730
2015	10	25	632	1729
2015	10	26	633	1727
2015	10	27	634	1726
2015	10	28	635	1725
2015	10	29	636	1724
2015	10	30	637	1723
2015	10	31	638	1722
2015	11	1	639	1721
2015	11	2	640	1720
2015	11	3	641	1719
2015	11	4	642	1718
2015	11	5	643	1717
2015	11	6	644	1716
2015	11	7	645	1715
2015	11	8	646	1714
2015	11	9	647	1714
2015	11	10	648	1713
2015	11	11	649	1712
2015	11	12	650	1711
2015	11	13	651	1710
2015	11	14	652	1710
2015	11	15	653	1709
2015	11	16	654	1708
2015	11	17	655	1708
2015	11	18	656	1707
2015	11	19	657	1707
2015	11	20	658	1706
2015	11	21	659	1706
2015	11	22	700	1705
2015	11	23	701	1705
2015	11	24	702	1704
2015	11	25	703	1704
2015	11	26	704	1704
2015	11	27	705	1703
2015	11	28	706	1703
2015	11	29	707	1703
2015	11	30	708	1703
2015	12	1	709	1702
2015	12	2	710	1702
2015	12	3	710	1702
2015	12	4	711	1702
2015	12	5	712	1702
2015	12	6	713	1702
2015	12	7	714	1702
2015	12	8	715	1702
2015	12	9	716	1702
2015	12	10	716	1702
2015	12	11	717	1703
2015	12	12	718	1703
2015	12	13	719	1703
2015	12	14	719	1703
2015	12	15	720	1704
2015	12	16	721	1704
2015	12	17	721	1704
2015	12	18	722	1705
2015	12	19	722	1705
2015	12	20	723	1705
2015	12	21	724	1706
2015	12	22	724	1706
2015	12	23	724	1707
2015	12	24	725	1708
2015	12	25	725	1708
2015	12	26	726	1709
2015	12	27	726	1709
2015	12	28	726	1710
2015	12	29	727	1711
2015	12	30	727	1711
2015	12	31	727	1712
